0
1026
2048
3063
4065
5051
6018
6960
7876
8760
9611
10423
11194
11922
12602
13233
13812
14337
14806
15216
15567
15856
16083
16247
16347
16383
16354
16262
16105
15885
15603
15259
14855
14393
13875
13302
12677
12002
11279
10513
9705
8859
7978
7066
6126
5162
4178
3177
2164
1142
116
-909
-1932
-2948
-3952
-4940
-5909
-6855
-7773
-8662
-9516
-10333
-11109
-11841
-12527
-13164
-13749
-14280
-14755
-15172
-15530
-15826
-16060
-16232
-16339
-16382
-16361
-16275
-16126
-15913
-15638
-15301
-14904
-14449
-13937
-13370
-12750
-12081
-11364
-10602
-9799
-8957
-8080
-7171
-6234
-5273
-4291
-3292
-2280
-1259
-233
793
1816
2833
3838
4829
5800
6748
7670
8562
9421
10242
11023
11760
12452
13094
13686
14223
14704
15128
15492
15796
16037
16215
16330
16380
16367
16288
16146
15940
15672
15342
14952
14503
13998
13437
12823
12159
11447
10691
9892
9054
8181
7276
6342
5383
4403
3406
2395
1375
350
-676
-1700
-2718
-3725
-4717
-5691
-6642
-7567
-8463
-9325
-10150
-10936
-11679
-12376
-13024
-13621
-14165
-14653
-15083
-15454
-15764
-16013
-16198
-16320
-16378
-16371
-16300
-16165
-15967
-15706
-15383
-15000
-14557
-14058
-13503
-12895
-12237
-11531
-10779
-9985
-9151
-8282
-7380
-6449
-5493
-4515
-3520
-2511
-1491
-466
560
1584
2603
3611
4605
5581
6535
7463
8362
9229
10059
10849
11597
12299
12953
13556
14106
14600
15037
15415
15732
15988
16180
16310
16375
16375
16312
16184
15993
15739
15423
15046
14611
14117
13569
12967
12314
11613
10866
10077
9248
8383
7484
6556
5603
4627
3634
2626
1608
583
-443
-1468
-2487
-3497
-4493
-5471
-6428
-7359
-8262
-9132
-9966
-10761
-11514
-12222
-12881
-13490
-14046
-14547
-14990
-15375
-15699
-15962
-16162
-16298
-16370
-16378
-16322
-16202
-16018
-15771
-15462
-15092
-14663
-14176
-13634
-13038
-12391
-11695
-10954
-10169
-9344
-8483
-7588
-6663
-5713
-4739
-3747
-2741
-1724
-700
326
1352
2372
3383
4381
5361
6320
7255
8161
9035
9873
10673
11431
12144
12809
13423
13985
14493
14943
15334
15665
15935
16142
16286
16365
16381
16332
16219
16042
15802
15500
15137
14715
14234
13698
13108
12467
11777
11040
10260
9440
8582
7691
6770
5822
4851
3861
2856
1840
816
-210
-1235
-2257
-3269
-4268
-5251
-6213
-7150
-8059
-8937
-9780
-10584
-11347
-12065
-12736
-13356
-13924
-14438
-14895
-15293
-15631
-15908
-16122
-16273
-16360
-16382
-16341
-16235
-16065
-15832
-15537
-15181
-14766
-14292
-13762
-13178
-12542
-11858
-11126
-10351
-9535
-8681
-7794
-6876
-5931
-4962
-3974
-2971
-1956
-933
93
1119
2141
3154
4155
5140
6104
7045
7958
8839
9686
10495
11262
11986
12662
13288
13862
14382
14846
15250
15595
15879
16101
16259
16353
16383
16349
16250
16088
15862
15574
15225
14816
14349
13825
13247
12617
11938
11211
10441
9629
8780
7896
6982
6039
5073
4087
3086
2071
1049
23
-1003
-2025
-3040
-4042
-5029
-5996
-6939
-7855
-8741
-9592
-10405
-11177
-11906
-12587
-13220
-13800
-14326
-14796
-15207
-15559
-15850
-16079
-16244
-16345
-16383
-16356
-16264
-16109
-15891
-15610
-15267
-14865
-14405
-13887
-13316
-12691
-12017
-11296
-10531
-9724
-8878
-7998
-7087
-6148
-5184
-4200
-3200
-2187
-1166
-140
886
1909
2925
3929
4918
5887
6833
7753
8642
9497
10315
11092
11825
12512
13150
13737
14269
14745
15164
15522
15820
16056
16228
16337
16382
16362
16278
16130
15919
15645
15309
14914
14460
13949
13383
12765
12096
11380
10620
9817
8976
8100
7192
6256
5295
4313
3314
2303
1282
256
-769
-1793
-2810
-3816
-4806
-5778
-6727
-7650
-8542
-9402
-10224
-11005
-11744
-12437
-13080
-13673
-14211
-14694
-15119
-15485
-15789
-16032
-16212
-16328
-16380
-16368
-16291
-16150
-15946
-15679
-15351
-14962
-14514
-14010
-13450
-12838
-12175
-11464
-10708
-9911
-9074
-8201
-7297
-6363
-5405
-4426
-3429
-2418
-1398
-373
653
1677
2695
3702
4695
5669
6621
7546
8443
9306
10132
10919
11663
12360
13010
13608
14153
14642
15074
15446
15758
16008
16195
16318
16377
16372
16303
16169
15972
15712
15391
15009
14568
14070
13516
12910
12253
11547
10796
10003
9171
8302
7401
6471
5515
4538
3543
2534
1515
490
-536
-1561
-2580
-3588
-4583
-5559
-6514
-7443
-8342
-9209
-10040
-10831
-11580
-12284
-12939
-13543
-14094
-14589
-15028
-15407
-15726
-15983
-16177
-16307
-16374
-16376
-16314
-16188
-15998
-15745
-15431
-15055
-14621
-14129
-13582
-12981
-12330
-11630
-10884
-10095
-9267
-8403
-7505
-6578
-5625
-4650
-3657
-2649
-1631
-606
420
1445
2464
3474
4471
5449
6406
7339
8242
9113
9948
10744
11497
12206
12867
13477
14034
14536
14981
15367
15692
15956
16158
16296
16369
16379
16324
16205
16023
15777
15469
15101
14673
14188
13647
13052
12406
11712
10971
10187
9363
8503
7609
6685
5734
4762
3770
2764
1747
723
-303
-1329
-2349
-3360
-4358
-5339
-6299
-7234
-8141
-9015
-9855
-10655
-11414
-12128
-12794
-13410
-13973
-14482
-14933
-15326
-15659
-15930
-16138
-16283
-16364
-16381
-16334
-16222
-16046
-15808
-15507
-15146
-14725
-14246
-13711
-13122
-12482
-11793
-11057
-10278
-9459
-8602
-7712
-6791
-5844
-4873
-3884
-2879
-1863
-840
186
1212
2233
3246
4245
5229
6191
7129
8039
8918
9761
10566
11330
12049
12721
13343
13912
14427
14885
15284
15624
15902
16118
16270
16358
16382
16342
16238
16070
15838
15545
15190
14776
14303
13775
13192
12558
11874
11143
10369
9554
8701
7814
6897
5952
4984
3997
2994
1979
956
-70
-1096
-2118
-3131
-4133
-5118
-6083
-7024
-7937
-8820
-9667
-10477
-11245
-11970
-12647
-13275
-13850
-14371
-14836
-15242
-15588
-15874
-16096
-16256
-16352
-16383
-16350
-16253
-16092
-15868
-15581
-15233
-14826
-14360
-13838
-13261
-12632
-11954
-11228
-10459
-9648
-8800
-7917
-7003
-6061
-5096
-4110
-3108
-2095
-1073
-46
979
2002
3017
4020
5007
5974
6918
7835
8721
9573
10387
11160
11890
12572
13206
13787
14315
14786
15199
15552
15844
16074
16241
16344
16383
16357
16267
16113
15896
15617
15276
14875
14416
13900
13329
12706
12033
11313
10548
9742
8898
8019
7108
6169
5206
4223
3223
2210
1189
163
-863
-1886
-2902
-3906
-4896
-5865
-6812
-7732
-8622
-9478
-10296
-11075
-11809
-12497
-13136
-13724
-14258
-14735
-15155
-15515
-15814
-16051
-16225
-16335
-16381
-16363
-16281
-16134
-15924
-15652
-15318
-14924
-14471
-13961
-13397
-12779
-12112
-11397
-10637
-9836
-8996
-8120
-7213
-6277
-5317
-4336
-3337
-2326
-1305
-280
746
1770
2787
3793
4784
5756
6706
7629
8523
9382
10205
10988
11728
12422
13066
13660
14200
14684
15110
15477
15783
16027
16209
16326
16380
16369
16293
16154
15951
15686
15359
14971
14525
14022
13463
12852
12190
11481
10726
9929
9093
8222
7318
6385
5427
4448
3452
2441
1422
396
-630
-1654
-2672
-3679
-4672
-5647
-6599
-7526
-8423
-9286
-10114
-10901
-11646
-12345
-12996
-13595
-14141
-14632
-15065
-15438
-15752
-16003
-16191
-16316
-16377
-16373
-16305
-16173
-15977
-15719
-15399
-15018
-14579
-14082
-13530
-12924
-12268
-11564
-10814
-10022
-9190
-8322
-7422
-6492
-5537
-4560
-3566
-2557
-1538
-513
513
1538
2557
3565
4560
5537
6492
7422
8322
9190
10022
10814
11564
12268
12924
13530
14082
14579
15018
15399
15719
15977
16173
16305
16373
16377
16316
16191
16003
15752
15438
15065
14632
14141
13595
12996
12345
11646
10901
10114
9286
8423
7526
6599
5647
4672
3679
2672
1654
630
-396
-1422
-2441
-3452
-4448
-5427
-6385
-7318
-8222
-9093
-9929
-10726
-11481
-12190
-12852
-13463
-14022
-14525
-14971
-15359
-15686
-15951
-16154
-16293
-16369
-16380
-16326
-16209
-16027
-15783
-15477
-15110
-14684
-14200
-13660
-13066
-12422
-11728
-10988
-10205
-9382
-8522
-7629
-6706
-5756
-4784
-3793
-2787
-1770
-746
280
1305
2326
3337
4336
5317
6277
7213
8120
8996
9836
10638
11397
12112
12779
13397
13961
14471
14924
15318
15652
15924
16134
16281
16363
16381
16335
16225
16051
15814
15515
15155
14735
14258
13724
13136
12497
11809
11074
10296
9478
8622
7732
6812
5865
4895
3906
2902
1886
863
-163
-1189
-2210
-3223
-4223
-5206
-6169
-7108
-8019
-8898
-9742
-10549
-11313
-12033
-12706
-13329
-13900
-14416
-14875
-15276
-15617
-15896
-16113
-16267
-16357
-16383
-16344
-16241
-16074
-15844
-15552
-15199
-14786
-14315
-13787
-13206
-12572
-11890
-11160
-10387
-9573
-8721
-7835
-6918
-5974
-5007
-4020
-3017
-2002
-979
46
1072
2095
3108
4110
5096
6061
7003
7917
8800
9648
10459
11228
11954
12632
13261
13838
14360
14826
15233
15581
15868
16092
16253
16350
16383
16352
16256
16096
15873
15588
15242
14836
14371
13850
13275
12647
11970
11245
10477
9667
8820
7937
7024
6083
5118
4133
3131
2118
1096
69
-956
-1979
-2994
-3997
-4985
-5952
-6897
-7814
-8701
-9554
-10369
-11143
-11874
-12558
-13192
-13775
-14303
-14776
-15190
-15545
-15838
-16070
-16238
-16342
-16382
-16358
-16270
-16118
-15902
-15624
-15284
-14885
-14427
-13912
-13343
-12721
-12049
-11330
-10566
-9761
-8918
-8039
-7129
-6191
-5229
-4246
-3246
-2233
-1212
-186
839
1863
2879
3884
4873
5844
6791
7712
8602
9459
10278
11057
11793
12482
13123
13711
14246
14725
15146
15507
15808
16047
16222
16334
16381
16364
16283
16138
15930
15659
15326
14933
14482
13973
13410
12794
12128
11414
10655
9855
9015
8141
7234
6299
5339
4358
3360
2349
1329
303
-723
-1747
-2764
-3770
-4762
-5734
-6685
-7609
-8503
-9363
-10187
-10971
-11712
-12406
-13052
-13647
-14188
-14673
-15101
-15469
-15777
-16023
-16205
-16324
-16379
-16369
-16296
-16158
-15957
-15692
-15367
-14981
-14536
-14034
-13477
-12867
-12206
-11497
-10744
-9948
-9113
-8242
-7338
-6406
-5449
-4471
-3474
-2464
-1445
-420
606
1631
2649
3657
4650
5625
6578
7505
8403
9267
10095
10884
11630
12330
12981
13582
14129
14621
15055
15431
15745
15998
16188
16314
16376
16374
16307
16177
15983
15726
15407
15028
14589
14094
13543
12938
12284
11580
10832
10040
9209
8342
7443
6514
5559
4583
3588
2580
1561
536
-490
-1515
-2534
-3543
-4538
-5515
-6471
-7401
-8302
-9171
-10003
-10796
-11547
-12253
-12910
-13516
-14070
-14568
-15009
-15391
-15712
-15972
-16169
-16303
-16372
-16377
-16318
-16195
-16008
-15758
-15446
-15074
-14642
-14153
-13608
-13010
-12360
-11663
-10919
-10132
-9306
-8443
-7546
-6621
-5669
-4695
-3702
-2695
-1677
-653
373
1398
2418
3429
4426
5405
6363
7297
8201
9074
9911
10708
11464
12175
12838
13450
14010
14514
14962
15351
15679
15946
16150
16291
16368
16380
16328
16212
16032
15789
15485
15119
14694
14211
13673
13080
12437
11744
11005
10224
9401
8542
7650
6727
5778
4806
3816
2810
1793
770
-256
-1282
-2303
-3315
-4313
-5295
-6256
-7192
-8100
-8976
-9817
-10620
-11380
-12096
-12765
-13383
-13949
-14460
-14914
-15309
-15645
-15919
-16130
-16278
-16362
-16382
-16337
-16228
-16056
-15820
-15522
-15164
-14745
-14269
-13737
-13150
-12512
-11825
-11092
-10314
-9497
-8642
-7753
-6833
-5887
-4918
-3929
-2925
-1909
-886
140
1166
2187
3200
4200
5184
6148
7087
7999
8878
9724
10531
11296
12017
12691
13315
13887
14405
14865
15267
15610
15891
16109
16264
16356
16383
16345
16244
16079
15850
15559
15207
14796
14326
13800
13220
12587
11906
11177
10405
9592
8741
7855
6939
5996
5029
4042
3040
2025
1003
-23
-1049
-2071
-3086
-4087
-5073
-6039
-6982
-7896
-8780
-9629
-10441
-11211
-11938
-12617
-13247
-13825
-14349
-14816
-15225
-15574
-15862
-16088
-16250
-16349
-16383
-16353
-16259
-16101
-15879
-15596
-15250
-14845
-14382
-13862
-13288
-12662
-11986
-11262
-10495
-9686
-8839
-7958
-7045
-6104
-5140
-4155
-3154
-2141
-1119
-93
933
1956
2971
3974
4962
5931
6876
7794
8681
9535
10351
11126
11858
12542
13178
13762
14292
14766
15181
15537
15832
16065
16235
16341
16382
16360
16273
16122
15908
15631
15293
14894
14438
13924
13356
12736
12065
11347
10584
9780
8937
8059
7150
6213
5250
4268
3269
2257
1236
209
-816
-1840
-2856
-3861
-4851
-5822
-6770
-7691
-8582
-9440
-10260
-11040
-11777
-12467
-13109
-13698
-14234
-14715
-15137
-15500
-15802
-16042
-16219
-16332
-16381
-16365
-16286
-16142
-15935
-15665
-15334
-14943
-14493
-13985
-13423
-12809
-12144
-11431
-10673
-9873
-9035
-8161
-7255
-6320
-5361
-4381
-3383
-2372
-1352
-326
700
1724
2741
3748
4739
5713
6663
7588
8483
9344
10169
10954
11695
12391
13038
13634
14176
14663
15092
15462
15771
16018
16202
16322
16378
16370
16298
16162
15962
15699
15375
14990
14547
14046
13490
12881
12222
11514
10761
9966
9132
8262
7359
6428
5471
4493
3497
2488
1468
443
-583
-1608
-2626
-3634
-4628
-5603
-6556
-7484
-8383
-9248
-10077
-10866
-11613
-12314
-12967
-13569
-14117
-14611
-15046
-15423
-15739
-15993
-16184
-16312
-16375
-16375
-16310
-16180
-15988
-15732
-15415
-15037
-14600
-14106
-13556
-12953
-12299
-11597
-10849
-10059
-9229
-8363
-7463
-6535
-5581
-4605
-3611
-2603
-1584
-560
466
1491
2511
3520
4515
5493
6449
7380
8282
9151
9985
10779
11531
12237
12896
13503
14058
14557
15000
15383
15706
15967
16165
16300
16371
16378
16320
16198
16013
15764
15454
15083
14653
14165
13621
13024
12376
11679
10936
10150
9325
8463
7567
6642
5691
4717
3725
2718
1700
676
-349
-1375
-2395
-3406
-4403
-5383
-6342
-7276
-8181
-9054
-9892
-10691
-11447
-12159
-12823
-13437
-13998
-14503
-14952
-15342
-15672
-15941
-16146
-16288
-16366
-16380
-16330
-16215
-16037
-15796
-15492
-15128
-14704
-14223
-13686
-13094
-12452
-11760
-11023
-10242
-9420
-8562
-7670
-6749
-5800
-4828
-3838
-2833
-1817
-793
233
1259
2280
3291
4291
5273
6234
7171
8080
8957
9799
10602
11364
12081
12750
13370
13937
14449
14904
15301
15638
15913
16126
16275
16361
16382
16339
16232
16060
15826
15530
15172
14755
14280
13749
13164
12527
11841
11109
10332
9516
8662
7774
6855
5909
4940
3952
2948
1932
909
-116
-1142
-2164
-3177
-4178
-5162
-6126
-7066
-7978
-8859
-9705
-10513
-11279
-12001
-12677
-13302
-13875
-14393
-14855
-15259
-15603
-15885
-16105
-16262
-16354
-16383
-16347
-16247
-16083
-15856
-15567
-15216
-14806
-14337
-13812
-13233
-12602
-11922
-11194
-10423
-9611
-8760
-7876
-6961
-6018
-5051
-4065
-3063
-2048
-1026
