0.0000	0.03119700
0.0055	0.03120253
0.0110	0.03120808
0.0165	0.03121365
0.0220	0.03121925
0.0275	0.03122488
0.0330	0.03123054
0.0385	0.03123622
0.0440	0.03124192
0.0495	0.03124765
0.0550	0.03125341
0.0605	0.03125920
0.0660	0.03126501
0.0715	0.03127085
0.0770	0.03127672
0.0825	0.03128261
0.0880	0.03128853
0.0935	0.03129448
0.0990	0.03130045
0.1045	0.03130645
0.1100	0.03131248
0.1155	0.03131854
0.1210	0.03132463
0.1265	0.03133074
0.1320	0.03133689
0.1375	0.03134306
0.1430	0.03134926
0.1485	0.03135548
0.1540	0.03136174
0.1595	0.03136803
0.1650	0.03137434
0.1705	0.03138068
0.1760	0.03138706
0.1815	0.03139346
0.1870	0.03139989
0.1925	0.03140635
0.1980	0.03141284
0.2035	0.03141937
0.2090	0.03142592
0.2145	0.03143250
0.2200	0.03143911
0.2255	0.03144575
0.2310	0.03145243
0.2365	0.03145913
0.2420	0.03146587
0.2475	0.03147263
0.2530	0.03147943
0.2585	0.03148626
0.2640	0.03149312
0.2695	0.03150001
0.2750	0.03150693
0.2805	0.03151389
0.2860	0.03152088
0.2915	0.03152790
0.2970	0.03153495
0.3025	0.03154203
0.3080	0.03154915
0.3135	0.03155630
0.3190	0.03156349
0.3245	0.03157070
0.3300	0.03157795
0.3355	0.03158524
0.3410	0.03159255
0.3465	0.03159990
0.3520	0.03160729
0.3575	0.03161471
0.3630	0.03162216
0.3685	0.03162965
0.3740	0.03163717
0.3795	0.03164473
0.3850	0.03165232
0.3905	0.03165995
0.3960	0.03166761
0.4015	0.03167531
0.4070	0.03168304
0.4125	0.03169081
0.4180	0.03169861
0.4235	0.03170645
0.4290	0.03171433
0.4345	0.03172224
0.4400	0.03173019
0.4455	0.03173818
0.4510	0.03174620
0.4565	0.03175426
0.4620	0.03176236
0.4675	0.03177049
0.4730	0.03177866
0.4785	0.03178687
0.4840	0.03179512
0.4895	0.03180341
0.4950	0.03181173
0.5005	0.03182010
0.5060	0.03182850
0.5115	0.03183694
0.5170	0.03184542
0.5225	0.03185393
0.5280	0.03186249
0.5335	0.03187109
0.5390	0.03187972
0.5445	0.03188840
0.5500	0.03189712
0.5555	0.03190587
0.5610	0.03191467
0.5665	0.03192351
0.5720	0.03193239
0.5775	0.03194131
0.5830	0.03195027
0.5885	0.03195927
0.5940	0.03196831
0.5995	0.03197740
0.6050	0.03198653
0.6105	0.03199569
0.6160	0.03200491
0.6215	0.03201416
0.6270	0.03202346
0.6325	0.03203280
0.6380	0.03204218
0.6435	0.03205161
0.6490	0.03206108
0.6545	0.03207059
0.6600	0.03208015
0.6655	0.03208975
0.6710	0.03209939
0.6765	0.03210909
0.6820	0.03211882
0.6875	0.03212860
0.6930	0.03213843
0.6985	0.03214830
0.7040	0.03215821
0.7095	0.03216817
0.7150	0.03217818
0.7205	0.03218824
0.7260	0.03219834
0.7315	0.03220848
0.7370	0.03221868
0.7425	0.03222892
0.7480	0.03223921
0.7535	0.03224954
0.7590	0.03225993
0.7645	0.03227036
0.7700	0.03228084
0.7755	0.03229136
0.7810	0.03230194
0.7865	0.03231257
0.7920	0.03232324
0.7975	0.03233396
0.8030	0.03234474
0.8085	0.03235556
0.8140	0.03236643
0.8195	0.03237736
0.8250	0.03238833
0.8305	0.03239935
0.8360	0.03241043
0.8415	0.03242155
0.8470	0.03243273
0.8525	0.03244396
0.8580	0.03245524
0.8635	0.03246657
0.8690	0.03247796
0.8745	0.03248940
0.8800	0.03250089
0.8855	0.03251243
0.8910	0.03252403
0.8965	0.03253568
0.9020	0.03254738
0.9075	0.03255914
0.9130	0.03257095
0.9185	0.03258282
0.9240	0.03259474
0.9295	0.03260672
0.9350	0.03261875
0.9405	0.03263084
0.9460	0.03264298
0.9515	0.03265518
0.9570	0.03266744
0.9625	0.03267975
0.9680	0.03269212
0.9735	0.03270454
0.9790	0.03271703
0.9845	0.03272957
0.9900	0.03274217
0.9955	0.03275483
1.0010	0.03276754
1.0065	0.03278032
1.0120	0.03279315
1.0175	0.03280604
1.0230	0.03281899
1.0285	0.03283201
1.0340	0.03284508
1.0395	0.03285821
1.0450	0.03287140
1.0505	0.03288466
1.0560	0.03289797
1.0615	0.03291135
1.0670	0.03292479
1.0725	0.03293829
1.0780	0.03295185
1.0835	0.03296547
1.0890	0.03297916
1.0945	0.03299291
1.1000	0.03300673
1.1055	0.03302061
1.1110	0.03303455
1.1165	0.03304856
1.1220	0.03306263
1.1275	0.03307676
1.1330	0.03309097
1.1385	0.03310523
1.1440	0.03311957
1.1495	0.03313397
1.1550	0.03314843
1.1605	0.03316296
1.1660	0.03317756
1.1715	0.03319223
1.1770	0.03320696
1.1825	0.03322177
1.1880	0.03323664
1.1935	0.03325158
1.1990	0.03326659
1.2045	0.03328166
1.2100	0.03329681
1.2155	0.03331203
1.2210	0.03332732
1.2265	0.03334267
1.2320	0.03335810
1.2375	0.03337360
1.2430	0.03338918
1.2485	0.03340482
1.2540	0.03342054
1.2595	0.03343632
1.2650	0.03345219
1.2705	0.03346812
1.2760	0.03348413
1.2815	0.03350021
1.2870	0.03351637
1.2925	0.03353260
1.2980	0.03354890
1.3035	0.03356528
1.3090	0.03358174
1.3145	0.03359827
1.3200	0.03361488
1.3255	0.03363157
1.3310	0.03364833
1.3365	0.03366517
1.3420	0.03368209
1.3475	0.03369908
1.3530	0.03371616
1.3585	0.03373331
1.3640	0.03375054
1.3695	0.03376785
1.3750	0.03378525
1.3805	0.03380272
1.3860	0.03382027
1.3915	0.03383790
1.3970	0.03385562
1.4025	0.03387342
1.4080	0.03389129
1.4135	0.03390926
1.4190	0.03392730
1.4245	0.03394543
1.4300	0.03396364
1.4355	0.03398193
1.4410	0.03400031
1.4465	0.03401878
1.4520	0.03403733
1.4575	0.03405596
1.4630	0.03407469
1.4685	0.03409349
1.4740	0.03411239
1.4795	0.03413137
1.4850	0.03415044
1.4905	0.03416960
1.4960	0.03418884
1.5015	0.03420818
1.5070	0.03422760
1.5125	0.03424712
1.5180	0.03426672
1.5235	0.03428641
1.5290	0.03430620
1.5345	0.03432608
1.5400	0.03434604
1.5455	0.03436610
1.5510	0.03438626
1.5565	0.03440650
1.5620	0.03442684
1.5675	0.03444728
1.5730	0.03446780
1.5785	0.03448843
1.5840	0.03450914
1.5895	0.03452996
1.5950	0.03455087
1.6005	0.03457187
1.6060	0.03459298
1.6115	0.03461418
1.6170	0.03463547
1.6225	0.03465687
1.6280	0.03467837
1.6335	0.03469996
1.6390	0.03472165
1.6445	0.03474345
1.6500	0.03476534
1.6555	0.03478734
1.6610	0.03480944
1.6665	0.03483164
1.6720	0.03485394
1.6775	0.03487634
1.6830	0.03489885
1.6885	0.03492146
1.6940	0.03494418
1.6995	0.03496700
1.7050	0.03498993
1.7105	0.03501296
1.7160	0.03503610
1.7215	0.03505934
1.7270	0.03508270
1.7325	0.03510616
1.7380	0.03512973
1.7435	0.03515340
1.7490	0.03517719
1.7545	0.03520109
1.7600	0.03522509
1.7655	0.03524921
1.7710	0.03527344
1.7765	0.03529778
1.7820	0.03532224
1.7875	0.03534680
1.7930	0.03537148
1.7985	0.03539628
1.8040	0.03542118
1.8095	0.03544621
1.8150	0.03547135
1.8205	0.03549660
1.8260	0.03552197
1.8315	0.03554746
1.8370	0.03557307
1.8425	0.03559879
1.8480	0.03562463
1.8535	0.03565059
1.8590	0.03567668
1.8645	0.03570288
1.8700	0.03572920
1.8755	0.03575565
1.8810	0.03578221
1.8865	0.03580890
1.8920	0.03583572
1.8975	0.03586265
1.9030	0.03588971
1.9085	0.03591690
1.9140	0.03594421
1.9195	0.03597165
1.9250	0.03599921
1.9305	0.03602690
1.9360	0.03605472
1.9415	0.03608267
1.9470	0.03611074
1.9525	0.03613895
1.9580	0.03616729
1.9635	0.03619575
1.9690	0.03622435
1.9745	0.03625308
1.9800	0.03628195
1.9855	0.03631094
1.9910	0.03634007
1.9965	0.03636934
2.0020	0.03639874
2.0075	0.03642827
2.0130	0.03645794
2.0185	0.03648775
2.0240	0.03651770
2.0295	0.03654778
2.0350	0.03657800
2.0405	0.03660837
2.0460	0.03663887
2.0515	0.03666951
2.0570	0.03670030
2.0625	0.03673123
2.0680	0.03676230
2.0735	0.03679351
2.0790	0.03682487
2.0845	0.03685637
2.0900	0.03688802
2.0955	0.03691981
2.1010	0.03695175
2.1065	0.03698384
2.1120	0.03701607
2.1175	0.03704846
2.1230	0.03708099
2.1285	0.03711368
2.1340	0.03714651
2.1395	0.03717950
2.1450	0.03721264
2.1505	0.03724593
2.1560	0.03727938
2.1615	0.03731298
2.1670	0.03734673
2.1725	0.03738064
2.1780	0.03741471
2.1835	0.03744893
2.1890	0.03748332
2.1945	0.03751786
2.2000	0.03755256
2.2055	0.03758742
2.2110	0.03762244
2.2165	0.03765763
2.2220	0.03769297
2.2275	0.03772848
2.2330	0.03776415
2.2385	0.03779999
2.2440	0.03783600
2.2495	0.03787216
2.2550	0.03790850
2.2605	0.03794500
2.2660	0.03798168
2.2715	0.03801852
2.2770	0.03805553
2.2825	0.03809271
2.2880	0.03813007
2.2935	0.03816759
2.2990	0.03820529
2.3045	0.03824317
2.3100	0.03828122
2.3155	0.03831944
2.3210	0.03835784
2.3265	0.03839642
2.3320	0.03843518
2.3375	0.03847411
2.3430	0.03851323
2.3485	0.03855252
2.3540	0.03859200
2.3595	0.03863166
2.3650	0.03867150
2.3705	0.03871152
2.3760	0.03875173
2.3815	0.03879213
2.3870	0.03883271
2.3925	0.03887348
2.3980	0.03891444
2.4035	0.03895559
2.4090	0.03899693
2.4145	0.03903845
2.4200	0.03908017
2.4255	0.03912209
2.4310	0.03916419
2.4365	0.03920649
2.4420	0.03924899
2.4475	0.03929168
2.4530	0.03933457
2.4585	0.03937765
2.4640	0.03942094
2.4695	0.03946442
2.4750	0.03950811
2.4805	0.03955200
2.4860	0.03959609
2.4915	0.03964038
2.4970	0.03968488
2.5025	0.03972958
2.5080	0.03977449
2.5135	0.03981961
2.5190	0.03986493
2.5245	0.03991047
2.5300	0.03995621
2.5355	0.04000217
2.5410	0.04004834
2.5465	0.04009472
2.5520	0.04014131
2.5575	0.04018812
2.5630	0.04023515
2.5685	0.04028239
2.5740	0.04032985
2.5795	0.04037753
2.5850	0.04042543
2.5905	0.04047356
2.5960	0.04052190
2.6015	0.04057047
2.6070	0.04061926
2.6125	0.04066827
2.6180	0.04071752
2.6235	0.04076699
2.6290	0.04081668
2.6345	0.04086661
2.6400	0.04091677
2.6455	0.04096716
2.6510	0.04101778
2.6565	0.04106864
2.6620	0.04111973
2.6675	0.04117105
2.6730	0.04122262
2.6785	0.04127442
2.6840	0.04132646
2.6895	0.04137874
2.6950	0.04143126
2.7005	0.04148403
2.7060	0.04153703
2.7115	0.04159029
2.7170	0.04164378
2.7225	0.04169753
2.7280	0.04175152
2.7335	0.04180577
2.7390	0.04186026
2.7445	0.04191500
2.7500	0.04197000
2.7555	0.04202525
2.7610	0.04208076
2.7665	0.04213652
2.7720	0.04219254
2.7775	0.04224882
2.7830	0.04230536
2.7885	0.04236215
2.7940	0.04241922
2.7995	0.04247654
2.8050	0.04253413
2.8105	0.04259198
2.8160	0.04265011
2.8215	0.04270850
2.8270	0.04276716
2.8325	0.04282609
2.8380	0.04288529
2.8435	0.04294476
2.8490	0.04300451
2.8545	0.04306454
2.8600	0.04312484
2.8655	0.04318543
2.8710	0.04324629
2.8765	0.04330743
2.8820	0.04336885
2.8875	0.04343056
2.8930	0.04349255
2.8985	0.04355483
2.9040	0.04361740
2.9095	0.04368025
2.9150	0.04374340
2.9205	0.04380684
2.9260	0.04387056
2.9315	0.04393459
2.9370	0.04399891
2.9425	0.04406352
2.9480	0.04412844
2.9535	0.04419365
2.9590	0.04425917
2.9645	0.04432498
2.9700	0.04439111
2.9755	0.04445753
2.9810	0.04452426
2.9865	0.04459131
2.9920	0.04465866
2.9975	0.04472632
3.0030	0.04479429
3.0085	0.04486258
3.0140	0.04493118
3.0195	0.04500010
3.0250	0.04506934
3.0305	0.04513889
3.0360	0.04520877
3.0415	0.04527897
3.0470	0.04534950
3.0525	0.04542035
3.0580	0.04549152
3.0635	0.04556303
3.0690	0.04563487
3.0745	0.04570703
3.0800	0.04577953
3.0855	0.04585237
3.0910	0.04592554
3.0965	0.04599905
3.1020	0.04607290
3.1075	0.04614709
3.1130	0.04622162
3.1185	0.04629649
3.1240	0.04637171
3.1295	0.04644728
3.1350	0.04652320
3.1405	0.04659947
3.1460	0.04667609
3.1515	0.04675306
3.1570	0.04683039
3.1625	0.04690807
3.1680	0.04698612
3.1735	0.04706452
3.1790	0.04714329
3.1845	0.04722242
3.1900	0.04730191
3.1955	0.04738178
3.2010	0.04746201
3.2065	0.04754261
3.2120	0.04762358
3.2175	0.04770493
3.2230	0.04778665
3.2285	0.04786875
3.2340	0.04795123
3.2395	0.04803409
3.2450	0.04811733
3.2505	0.04820095
3.2560	0.04828497
3.2615	0.04836937
3.2670	0.04845415
3.2725	0.04853933
3.2780	0.04862491
3.2835	0.04871088
3.2890	0.04879724
3.2945	0.04888401
3.3000	0.04897117
3.3055	0.04905874
3.3110	0.04914671
3.3165	0.04923509
3.3220	0.04932387
3.3275	0.04941307
3.3330	0.04950267
3.3385	0.04959269
3.3440	0.04968313
3.3495	0.04977398
3.3550	0.04986526
3.3605	0.04995695
3.3660	0.05004907
3.3715	0.05014161
3.3770	0.05023458
3.3825	0.05032798
3.3880	0.05042181
3.3935	0.05051607
3.3990	0.05061077
3.4045	0.05070590
3.4100	0.05080148
3.4155	0.05089749
3.4210	0.05099395
3.4265	0.05109085
3.4320	0.05118820
3.4375	0.05128600
3.4430	0.05138426
3.4485	0.05148296
3.4540	0.05158212
3.4595	0.05168174
3.4650	0.05178182
3.4705	0.05188236
3.4760	0.05198336
3.4815	0.05208483
3.4870	0.05218677
3.4925	0.05228918
3.4980	0.05239207
3.5035	0.05249542
3.5090	0.05259926
3.5145	0.05270357
3.5200	0.05280836
3.5255	0.05291364
3.5310	0.05301941
3.5365	0.05312566
3.5420	0.05323240
3.5475	0.05333964
3.5530	0.05344737
3.5585	0.05355560
3.5640	0.05366433
3.5695	0.05377356
3.5750	0.05388329
3.5805	0.05399353
3.5860	0.05410428
3.5915	0.05421554
3.5970	0.05432731
3.6025	0.05443960
3.6080	0.05455241
3.6135	0.05466574
3.6190	0.05477959
3.6245	0.05489397
3.6300	0.05500887
3.6355	0.05512431
3.6410	0.05524028
3.6465	0.05535678
3.6520	0.05547382
3.6575	0.05559141
3.6630	0.05570953
3.6685	0.05582820
3.6740	0.05594742
3.6795	0.05606719
3.6850	0.05618751
3.6905	0.05630838
3.6960	0.05642982
3.7015	0.05655181
3.7070	0.05667437
3.7125	0.05679749
3.7180	0.05692118
3.7235	0.05704545
3.7290	0.05717028
3.7345	0.05729569
3.7400	0.05742169
3.7455	0.05754826
3.7510	0.05767542
3.7565	0.05780316
3.7620	0.05793149
3.7675	0.05806042
3.7730	0.05818994
3.7785	0.05832006
3.7840	0.05845078
3.7895	0.05858210
3.7950	0.05871403
3.8005	0.05884657
3.8060	0.05897972
3.8115	0.05911348
3.8170	0.05924786
3.8225	0.05938287
3.8280	0.05951849
3.8335	0.05965474
3.8390	0.05979162
3.8445	0.05992913
3.8500	0.06006728
3.8555	0.06020606
3.8610	0.06034549
3.8665	0.06048556
3.8720	0.06062627
3.8775	0.06076764
3.8830	0.06090965
3.8885	0.06105233
3.8940	0.06119566
3.8995	0.06133965
3.9050	0.06148431
3.9105	0.06162963
3.9160	0.06177563
3.9215	0.06192230
3.9270	0.06206964
3.9325	0.06221767
3.9380	0.06236638
3.9435	0.06251578
3.9490	0.06266586
3.9545	0.06281664
3.9600	0.06296812
3.9655	0.06312029
3.9710	0.06327317
3.9765	0.06342675
3.9820	0.06358104
3.9875	0.06373604
3.9930	0.06389176
3.9985	0.06404820
4.0040	0.06420536
4.0095	0.06436324
4.0150	0.06452186
4.0205	0.06468120
4.0260	0.06484128
4.0315	0.06500210
4.0370	0.06516367
4.0425	0.06532597
4.0480	0.06548903
4.0535	0.06565284
4.0590	0.06581741
4.0645	0.06598273
4.0700	0.06614882
4.0755	0.06631568
4.0810	0.06648330
4.0865	0.06665170
4.0920	0.06682088
4.0975	0.06699084
4.1030	0.06716158
4.1085	0.06733311
4.1140	0.06750543
4.1195	0.06767855
4.1250	0.06785246
4.1305	0.06802718
4.1360	0.06820271
4.1415	0.06837904
4.1470	0.06855619
4.1525	0.06873416
4.1580	0.06891295
4.1635	0.06909256
4.1690	0.06927301
4.1745	0.06945428
4.1800	0.06963640
4.1855	0.06981935
4.1910	0.07000315
4.1965	0.07018779
4.2020	0.07037329
4.2075	0.07055965
4.2130	0.07074686
4.2185	0.07093494
4.2240	0.07112389
4.2295	0.07131371
4.2350	0.07150440
4.2405	0.07169598
4.2460	0.07188844
4.2515	0.07208178
4.2570	0.07227603
4.2625	0.07247116
4.2680	0.07266720
4.2735	0.07286414
4.2790	0.07306200
4.2845	0.07326076
4.2900	0.07346044
4.2955	0.07366105
4.3010	0.07386258
4.3065	0.07406504
4.3120	0.07426843
4.3175	0.07447277
4.3230	0.07467804
4.3285	0.07488427
4.3340	0.07509144
4.3395	0.07529958
4.3450	0.07550867
4.3505	0.07571873
4.3560	0.07592976
4.3615	0.07614176
4.3670	0.07635474
4.3725	0.07656870
4.3780	0.07678366
4.3835	0.07699960
4.3890	0.07721654
4.3945	0.07743448
4.4000	0.07765343
4.4055	0.07787339
4.4110	0.07809436
4.4165	0.07831635
4.4220	0.07853937
4.4275	0.07876342
4.4330	0.07898850
4.4385	0.07921462
4.4440	0.07944179
4.4495	0.07967000
4.4550	0.07989927
4.4605	0.08012959
4.4660	0.08036098
4.4715	0.08059343
4.4770	0.08082696
4.4825	0.08106157
4.4880	0.08129726
4.4935	0.08153404
4.4990	0.08177191
4.5045	0.08201087
4.5100	0.08225095
4.5155	0.08249212
4.5210	0.08273442
4.5265	0.08297783
4.5320	0.08322236
4.5375	0.08346803
4.5430	0.08371482
4.5485	0.08396276
4.5540	0.08421184
4.5595	0.08446207
4.5650	0.08471346
4.5705	0.08496600
4.5760	0.08521971
4.5815	0.08547460
4.5870	0.08573066
4.5925	0.08598790
4.5980	0.08624632
4.6035	0.08650595
4.6090	0.08676677
4.6145	0.08702879
4.6200	0.08729202
4.6255	0.08755647
4.6310	0.08782214
4.6365	0.08808903
4.6420	0.08835716
4.6475	0.08862652
4.6530	0.08889713
4.6585	0.08916899
4.6640	0.08944210
4.6695	0.08971647
4.6750	0.08999211
4.6805	0.09026902
4.6860	0.09054721
4.6915	0.09082669
4.6970	0.09110745
4.7025	0.09138951
4.7080	0.09167287
4.7135	0.09195754
4.7190	0.09224352
4.7245	0.09253082
4.7300	0.09281945
4.7355	0.09310941
4.7410	0.09340071
4.7465	0.09369336
4.7520	0.09398735
4.7575	0.09428271
4.7630	0.09457942
4.7685	0.09487751
4.7740	0.09517697
4.7795	0.09547781
4.7850	0.09578004
4.7905	0.09608367
4.7960	0.09638870
4.8015	0.09669513
4.8070	0.09700298
4.8125	0.09731226
4.8180	0.09762296
4.8235	0.09793509
4.8290	0.09824866
4.8345	0.09856368
4.8400	0.09888016
4.8455	0.09919810
4.8510	0.09951750
4.8565	0.09983838
4.8620	0.10016074
4.8675	0.10048459
4.8730	0.10080993
4.8785	0.10113677
4.8840	0.10146512
4.8895	0.10179499
4.8950	0.10212638
4.9005	0.10245930
4.9060	0.10279376
4.9115	0.10312976
4.9170	0.10346731
4.9225	0.10380642
4.9280	0.10414710
4.9335	0.10448934
4.9390	0.10483317
4.9445	0.10517859
4.9500	0.10552559
4.9555	0.10587420
4.9610	0.10622442
4.9665	0.10657626
4.9720	0.10692972
4.9775	0.10728481
4.9830	0.10764154
4.9885	0.10799992
4.9940	0.10835995
4.9995	0.10872164
5.0050	0.10908501
5.0105	0.10945005
5.0160	0.10981677
5.0215	0.11018519
5.0270	0.11055531
5.0325	0.11092713
5.0380	0.11130067
5.0435	0.11167594
5.0490	0.11205294
5.0545	0.11243168
5.0600	0.11281217
5.0655	0.11319441
5.0710	0.11357842
5.0765	0.11396420
5.0820	0.11435176
5.0875	0.11474111
5.0930	0.11513226
5.0985	0.11552521
5.1040	0.11591998
5.1095	0.11631657
5.1150	0.11671498
5.1205	0.11711524
5.1260	0.11751735
5.1315	0.11792131
5.1370	0.11832714
5.1425	0.11873484
5.1480	0.11914442
5.1535	0.11955589
5.1590	0.11996926
5.1645	0.12038454
5.1700	0.12080174
5.1755	0.12122086
5.1810	0.12164191
5.1865	0.12206491
5.1920	0.12248987
5.1975	0.12291678
5.2030	0.12334566
5.2085	0.12377653
5.2140	0.12420938
5.2195	0.12464423
5.2250	0.12508109
5.2305	0.12551996
5.2360	0.12596086
5.2415	0.12640380
5.2470	0.12684878
5.2525	0.12729581
5.2580	0.12774491
5.2635	0.12819608
5.2690	0.12864933
5.2745	0.12910468
5.2800	0.12956212
5.2855	0.13002168
5.2910	0.13048336
5.2965	0.13094717
5.3020	0.13141312
5.3075	0.13188122
5.3130	0.13235149
5.3185	0.13282392
5.3240	0.13329853
5.3295	0.13377534
5.3350	0.13425434
5.3405	0.13473556
5.3460	0.13521900
5.3515	0.13570466
5.3570	0.13619257
5.3625	0.13668274
5.3680	0.13717516
5.3735	0.13766986
5.3790	0.13816684
5.3845	0.13866612
5.3900	0.13916770
5.3955	0.13967159
5.4010	0.14017781
5.4065	0.14068637
5.4120	0.14119728
5.4175	0.14171054
5.4230	0.14222617
5.4285	0.14274418
5.4340	0.14326459
5.4395	0.14378739
5.4450	0.14431261
5.4505	0.14484026
5.4560	0.14537033
5.4615	0.14590286
5.4670	0.14643784
5.4725	0.14697530
5.4780	0.14751523
5.4835	0.14805765
5.4890	0.14860258
5.4945	0.14915003
5.5000	0.14970000
5.5055	0.15025251
5.5110	0.15080757
5.5165	0.15136519
5.5220	0.15192539
5.5275	0.15248817
5.5330	0.15305355
5.5385	0.15362154
5.5440	0.15419215
5.5495	0.15476540
5.5550	0.15534129
5.5605	0.15591984
5.5660	0.15650106
5.5715	0.15708496
5.5770	0.15767156
5.5825	0.15826086
5.5880	0.15885289
5.5935	0.15944764
5.5990	0.16004515
5.6045	0.16064541
5.6100	0.16124844
5.6155	0.16185426
5.6210	0.16246287
5.6265	0.16307429
5.6320	0.16368853
5.6375	0.16430561
5.6430	0.16492554
5.6485	0.16554832
5.6540	0.16617399
5.6595	0.16680254
5.6650	0.16743399
5.6705	0.16806835
5.6760	0.16870565
5.6815	0.16934589
5.6870	0.16998908
5.6925	0.17063524
5.6980	0.17128438
5.7035	0.17193652
5.7090	0.17259167
5.7145	0.17324984
5.7200	0.17391105
5.7255	0.17457532
5.7310	0.17524265
5.7365	0.17591305
5.7420	0.17658656
5.7475	0.17726317
5.7530	0.17794291
5.7585	0.17862578
5.7640	0.17931181
5.7695	0.18000100
5.7750	0.18069337
5.7805	0.18138894
5.7860	0.18208772
5.7915	0.18278973
5.7970	0.18349497
5.8025	0.18420347
5.8080	0.18491524
5.8135	0.18563030
5.8190	0.18634866
5.8245	0.18707033
5.8300	0.18779533
5.8355	0.18852368
5.8410	0.18925539
5.8465	0.18999048
5.8520	0.19072897
5.8575	0.19147086
5.8630	0.19221617
5.8685	0.19296493
5.8740	0.19371714
5.8795	0.19447282
5.8850	0.19523200
5.8905	0.19599467
5.8960	0.19676087
5.9015	0.19753060
5.9070	0.19830389
5.9125	0.19908074
5.9180	0.19986119
5.9235	0.20064523
5.9290	0.20143289
5.9345	0.20222419
5.9400	0.20301914
5.9455	0.20381776
5.9510	0.20462007
5.9565	0.20542608
5.9620	0.20623581
5.9675	0.20704927
5.9730	0.20786650
5.9785	0.20868749
5.9840	0.20951227
5.9895	0.21034087
5.9950	0.21117328
6.0005	0.21200954
6.0060	0.21284966
6.0115	0.21369365
6.0170	0.21454154
6.0225	0.21539335
6.0280	0.21624909
6.0335	0.21710877
6.0390	0.21797243
6.0445	0.21884007
6.0500	0.21971172
6.0555	0.22058738
6.0610	0.22146710
6.0665	0.22235087
6.0720	0.22323872
6.0775	0.22413067
6.0830	0.22502674
6.0885	0.22592694
6.0940	0.22683130
6.0995	0.22773983
6.1050	0.22865255
6.1105	0.22956949
6.1160	0.23049066
6.1215	0.23141609
6.1270	0.23234578
6.1325	0.23327977
6.1380	0.23421806
6.1435	0.23516069
6.1490	0.23610767
6.1545	0.23705902
6.1600	0.23801476
6.1655	0.23897491
6.1710	0.23993950
6.1765	0.24090853
6.1820	0.24188204
6.1875	0.24286005
6.1930	0.24384256
6.1985	0.24482962
6.2040	0.24582122
6.2095	0.24681741
6.2150	0.24781819
6.2205	0.24882360
6.2260	0.24983364
6.2315	0.25084835
6.2370	0.25186774
6.2425	0.25289183
6.2480	0.25392065
6.2535	0.25495422
6.2590	0.25599256
6.2645	0.25703570
6.2700	0.25808365
6.2755	0.25913643
6.2810	0.26019408
6.2865	0.26125661
6.2920	0.26232404
6.2975	0.26339640
6.3030	0.26447371
6.3085	0.26555599
6.3140	0.26664327
6.3195	0.26773556
6.3250	0.26883290
6.3305	0.26993530
6.3360	0.27104279
6.3415	0.27215540
6.3470	0.27327313
6.3525	0.27439603
6.3580	0.27552411
6.3635	0.27665740
6.3690	0.27779592
6.3745	0.27893969
6.3800	0.28008875
6.3855	0.28124310
6.3910	0.28240279
6.3965	0.28356783
6.4020	0.28473824
6.4075	0.28591406
6.4130	0.28709531
6.4185	0.28828201
6.4240	0.28947418
6.4295	0.29067186
6.4350	0.29187507
6.4405	0.29308383
6.4460	0.29429817
6.4515	0.29551811
6.4570	0.29674369
6.4625	0.29797492
6.4680	0.29921184
6.4735	0.30045446
6.4790	0.30170282
6.4845	0.30295695
6.4900	0.30421686
6.4955	0.30548259
6.5010	0.30675416
6.5065	0.30803159
6.5120	0.30931493
6.5175	0.31060419
6.5230	0.31189940
6.5285	0.31320059
6.5340	0.31450778
6.5395	0.31582101
6.5450	0.31714030
6.5505	0.31846568
6.5560	0.31979718
6.5615	0.32113482
6.5670	0.32247864
6.5725	0.32382866
6.5780	0.32518491
6.5835	0.32654742
6.5890	0.32791622
6.5945	0.32929134
6.6000	0.33067281
6.6055	0.33206065
6.6110	0.33345490
6.6165	0.33485558
6.6220	0.33626273
6.6275	0.33767638
6.6330	0.33909654
6.6385	0.34052327
6.6440	0.34195658
6.6495	0.34339651
6.6550	0.34484308
6.6605	0.34629633
6.6660	0.34775629
6.6715	0.34922298
6.6770	0.35069645
6.6825	0.35217672
6.6880	0.35366382
6.6935	0.35515778
6.6990	0.35665864
6.7045	0.35816643
6.7100	0.35968118
6.7155	0.36120291
6.7210	0.36273168
6.7265	0.36426750
6.7320	0.36581041
6.7375	0.36736044
6.7430	0.36891762
6.7485	0.37048199
6.7540	0.37205359
6.7595	0.37363244
6.7650	0.37521857
6.7705	0.37681203
6.7760	0.37841284
6.7815	0.38002104
6.7870	0.38163666
6.7925	0.38325974
6.7980	0.38489032
6.8035	0.38652842
6.8090	0.38817408
6.8145	0.38982733
6.8200	0.39148822
6.8255	0.39315677
6.8310	0.39483303
6.8365	0.39651702
6.8420	0.39820879
6.8475	0.39990836
6.8530	0.40161578
6.8585	0.40333108
6.8640	0.40505430
6.8695	0.40678547
6.8750	0.40852464
6.8805	0.41027183
6.8860	0.41202708
6.8915	0.41379044
6.8970	0.41556193
6.9025	0.41734161
6.9080	0.41912949
6.9135	0.42092564
6.9190	0.42273007
6.9245	0.42454283
6.9300	0.42636395
6.9355	0.42819349
6.9410	0.43003146
6.9465	0.43187792
6.9520	0.43373291
6.9575	0.43559645
6.9630	0.43746860
6.9685	0.43934939
6.9740	0.44123886
6.9795	0.44313706
6.9850	0.44504401
6.9905	0.44695977
6.9960	0.44888436
7.0015	0.45081785
7.0070	0.45276025
7.0125	0.45471163
7.0180	0.45667201
7.0235	0.45864144
7.0290	0.46061995
7.0345	0.46260761
7.0400	0.46460443
7.0455	0.46661047
7.0510	0.46862578
7.0565	0.47065038
7.0620	0.47268433
7.0675	0.47472767
7.0730	0.47678044
7.0785	0.47884268
7.0840	0.48091445
7.0895	0.48299577
7.0950	0.48508671
7.1005	0.48718729
7.1060	0.48929757
7.1115	0.49141759
7.1170	0.49354740
7.1225	0.49568704
7.1280	0.49783655
7.1335	0.49999599
7.1390	0.50216539
7.1445	0.50434481
7.1500	0.50653428
7.1555	0.50873387
7.1610	0.51094360
7.1665	0.51316354
7.1720	0.51539372
7.1775	0.51763419
7.1830	0.51988501
7.1885	0.52214622
7.1940	0.52441786
7.1995	0.52669999
7.2050	0.52899265
7.2105	0.53129590
7.2160	0.53360977
7.2215	0.53593433
7.2270	0.53826962
7.2325	0.54061568
7.2380	0.54297258
7.2435	0.54534035
7.2490	0.54771906
7.2545	0.55010874
7.2600	0.55250945
7.2655	0.55492125
7.2710	0.55734417
7.2765	0.55977828
7.2820	0.56222363
7.2875	0.56468026
7.2930	0.56714823
7.2985	0.56962760
7.3040	0.57211840
7.3095	0.57462071
7.3150	0.57713456
7.3205	0.57966002
7.3260	0.58219714
7.3315	0.58474596
7.3370	0.58730655
7.3425	0.58987896
7.3480	0.59246325
7.3535	0.59505946
7.3590	0.59766766
7.3645	0.60028789
7.3700	0.60292022
7.3755	0.60556470
7.3810	0.60822139
7.3865	0.61089033
7.3920	0.61357160
7.3975	0.61626525
7.4030	0.61897132
7.4085	0.62168989
7.4140	0.62442101
7.4195	0.62716473
7.4250	0.62992112
7.4305	0.63269023
7.4360	0.63547212
7.4415	0.63826685
7.4470	0.64107448
7.4525	0.64389508
7.4580	0.64672869
7.4635	0.64957538
7.4690	0.65243521
7.4745	0.65530824
7.4800	0.65819453
7.4855	0.66109414
7.4910	0.66400714
7.4965	0.66693359
7.5020	0.66987354
7.5075	0.67282706
7.5130	0.67579422
7.5185	0.67877507
7.5240	0.68176968
7.5295	0.68477811
7.5350	0.68780043
7.5405	0.69083669
7.5460	0.69388698
7.5515	0.69695134
7.5570	0.70002985
7.5625	0.70312257
7.5680	0.70622956
7.5735	0.70935089
7.5790	0.71248663
7.5845	0.71563685
7.5900	0.71880160
7.5955	0.72198097
7.6010	0.72517501
7.6065	0.72838379
7.6120	0.73160738
7.6175	0.73484586
7.6230	0.73809928
7.6285	0.74136771
7.6340	0.74465124
7.6395	0.74794992
7.6450	0.75126382
7.6505	0.75459303
7.6560	0.75793760
7.6615	0.76129760
7.6670	0.76467312
7.6725	0.76806422
7.6780	0.77147097
7.6835	0.77489344
7.6890	0.77833171
7.6945	0.78178586
7.7000	0.78525594
7.7055	0.78874204
7.7110	0.79224424
7.7165	0.79576260
7.7220	0.79929720
7.7275	0.80284811
7.7330	0.80641542
7.7385	0.80999919
7.7440	0.81359950
7.7495	0.81721643
7.7550	0.82085006
7.7605	0.82450046
7.7660	0.82816770
7.7715	0.83185188
7.7770	0.83555306
7.7825	0.83927132
7.7880	0.84300675
7.7935	0.84675942
7.7990	0.85052941
7.8045	0.85431680
7.8100	0.85812167
7.8155	0.86194411
7.8210	0.86578419
7.8265	0.86964199
7.8320	0.87351760
7.8375	0.87741110
7.8430	0.88132258
7.8485	0.88525210
7.8540	0.88919977
7.8595	0.89316565
7.8650	0.89714984
7.8705	0.90115243
7.8760	0.90517348
7.8815	0.90921310
7.8870	0.91327136
7.8925	0.91734836
7.8980	0.92144417
7.9035	0.92555889
7.9090	0.92969260
7.9145	0.93384540
7.9200	0.93801736
7.9255	0.94220858
7.9310	0.94641914
7.9365	0.95064914
7.9420	0.95489866
7.9475	0.95916780
7.9530	0.96345664
7.9585	0.96776528
7.9640	0.97209381
7.9695	0.97644232
7.9750	0.98081090
7.9805	0.98519964
7.9860	0.98960864
7.9915	0.99403799
7.9970	0.99848779
8.0025	1.00295813
8.0080	1.00744910
8.0135	1.01196080
8.0190	1.01649332
8.0245	1.02104677
8.0300	1.02562123
8.0355	1.03021681
8.0410	1.03483360
8.0465	1.03947171
8.0520	1.04413121
8.0575	1.04881223
8.0630	1.05351486
8.0685	1.05823919
8.0740	1.06298532
8.0795	1.06775337
8.0850	1.07254342
8.0905	1.07735558
8.0960	1.08218995
8.1015	1.08704664
8.1070	1.09192575
8.1125	1.09682737
8.1180	1.10175162
8.1235	1.10669861
8.1290	1.11166842
8.1345	1.11666117
8.1400	1.12167697
8.1455	1.12671593
8.1510	1.13177814
8.1565	1.13686371
8.1620	1.14197276
8.1675	1.14710540
8.1730	1.15226172
8.1785	1.15744185
8.1840	1.16264588
8.1895	1.16787394
8.1950	1.17312613
8.2005	1.17840256
8.2060	1.18370334
8.2115	1.18902859
8.2170	1.19437843
8.2225	1.19975295
8.2280	1.20515229
8.2335	1.21057654
8.2390	1.21602584
8.2445	1.22150028
8.2500	1.22700000
8.2555	1.23252510
8.2610	1.23807570
8.2665	1.24365193
8.2720	1.24925389
8.2775	1.25488171
8.2830	1.26053551
8.2885	1.26621540
8.2940	1.27192151
8.2995	1.27765396
8.3050	1.28341287
8.3105	1.28919836
8.3160	1.29501056
8.3215	1.30084958
8.3270	1.30671556
8.3325	1.31260861
8.3380	1.31852886
8.3435	1.32447644
8.3490	1.33045147
8.3545	1.33645408
8.3600	1.34248440
8.3655	1.34854255
8.3710	1.35462867
8.3765	1.36074288
8.3820	1.36688531
8.3875	1.37305609
8.3930	1.37925536
8.3985	1.38548323
8.4040	1.39173986
8.4095	1.39802537
8.4150	1.40433988
8.4205	1.41068355
8.4260	1.41705650
8.4315	1.42345886
8.4370	1.42989077
8.4425	1.43635237
8.4480	1.44284380
8.4535	1.44936519
8.4590	1.45591668
8.4645	1.46249842
8.4700	1.46911053
8.4755	1.47575316
8.4810	1.48242645
8.4865	1.48913055
8.4920	1.49586559
8.4975	1.50263172
8.5030	1.50942908
8.5085	1.51625781
8.5140	1.52311807
8.5195	1.53000999
8.5250	1.53693372
8.5305	1.54388941
8.5360	1.55087720
8.5415	1.55789725
8.5470	1.56494971
8.5525	1.57203471
8.5580	1.57915242
8.5635	1.58630298
8.5690	1.59348655
8.5745	1.60070328
8.5800	1.60795332
8.5855	1.61523682
8.5910	1.62255394
8.5965	1.62990483
8.6020	1.63728966
8.6075	1.64470857
8.6130	1.65216173
8.6185	1.65964928
8.6240	1.66717140
8.6295	1.67472824
8.6350	1.68231996
8.6405	1.68994673
8.6460	1.69760869
8.6515	1.70530603
8.6570	1.71303889
8.6625	1.72080744
8.6680	1.72861185
8.6735	1.73645229
8.6790	1.74432892
8.6845	1.75224190
8.6900	1.76019141
8.6955	1.76817761
8.7010	1.77620067
8.7065	1.78426077
8.7120	1.79235807
8.7175	1.80049274
8.7230	1.80866496
8.7285	1.81687491
8.7340	1.82512275
8.7395	1.83340866
8.7450	1.84173281
8.7505	1.85009539
8.7560	1.85849657
8.7615	1.86693653
8.7670	1.87541544
8.7725	1.88393349
8.7780	1.89249086
8.7835	1.90108773
8.7890	1.90972428
8.7945	1.91840069
8.8000	1.92711715
8.8055	1.93587385
8.8110	1.94467096
8.8165	1.95350868
8.8220	1.96238719
8.8275	1.97130669
8.8330	1.98026735
8.8385	1.98926938
8.8440	1.99831295
8.8495	2.00739827
8.8550	2.01652553
8.8605	2.02569491
8.8660	2.03490662
8.8715	2.04416085
8.8770	2.05345780
8.8825	2.06279765
8.8880	2.07218062
8.8935	2.08160690
8.8990	2.09107668
8.9045	2.10059018
8.9100	2.11014759
8.9155	2.11974912
8.9210	2.12939496
8.9265	2.13908533
8.9320	2.14882042
8.9375	2.15860045
8.9430	2.16842563
8.9485	2.17829615
8.9540	2.18821224
8.9595	2.19817409
8.9650	2.20818193
8.9705	2.21823596
8.9760	2.22833640
8.9815	2.23848346
8.9870	2.24867735
8.9925	2.25891830
8.9980	2.26920652
9.0035	2.27954223
9.0090	2.28992564
9.0145	2.30035699
9.0200	2.31083648
9.0255	2.32136434
9.0310	2.33194080
9.0365	2.34256608
9.0420	2.35324040
9.0475	2.36396399
9.0530	2.37473707
9.0585	2.38555989
9.0640	2.39643266
9.0695	2.40735562
9.0750	2.41832899
9.0805	2.42935302
9.0860	2.44042793
9.0915	2.45155396
9.0970	2.46273134
9.1025	2.47396032
9.1080	2.48524113
9.1135	2.49657401
9.1190	2.50795919
9.1245	2.51939693
9.1300	2.53088747
9.1355	2.54243104
9.1410	2.55402790
9.1465	2.56567828
9.1520	2.57738244
9.1575	2.58914062
9.1630	2.60095308
9.1685	2.61282006
9.1740	2.62474181
9.1795	2.63671860
9.1850	2.64875066
9.1905	2.66083827
9.1960	2.67298167
9.2015	2.68518111
9.2070	2.69743687
9.2125	2.70974920
9.2180	2.72211836
9.2235	2.73454462
9.2290	2.74702823
9.2345	2.75956946
9.2400	2.77216858
9.2455	2.78482586
9.2510	2.79754155
9.2565	2.81031595
9.2620	2.82314930
9.2675	2.83604189
9.2730	2.84899399
9.2785	2.86200588
9.2840	2.87507782
9.2895	2.88821011
9.2950	2.90140300
9.3005	2.91465680
9.3060	2.92797177
9.3115	2.94134820
9.3170	2.95478637
9.3225	2.96828657
9.3280	2.98184909
9.3335	2.99547420
9.3390	3.00916221
9.3445	3.02291340
9.3500	3.03672806
9.3555	3.05060648
9.3610	3.06454897
9.3665	3.07855581
9.3720	3.09262731
9.3775	3.10676375
9.3830	3.12096545
9.3885	3.13523270
9.3940	3.14956580
9.3995	3.16396506
9.4050	3.17843079
9.4105	3.19296328
9.4160	3.20756286
9.4215	3.22222982
9.4270	3.23696448
9.4325	3.25176716
9.4380	3.26663816
9.4435	3.28157780
9.4490	3.29658641
9.4545	3.31166428
9.4600	3.32681176
9.4655	3.34202915
9.4710	3.35731678
9.4765	3.37267498
9.4820	3.38810406
9.4875	3.40360437
9.4930	3.41917622
9.4985	3.43481995
9.5040	3.45053588
9.5095	3.46632436
9.5150	3.48218571
9.5205	3.49812027
9.5260	3.51412839
9.5315	3.53021040
9.5370	3.54636663
9.5425	3.56259744
9.5480	3.57890317
9.5535	3.59528417
9.5590	3.61174077
9.5645	3.62827333
9.5700	3.64488221
9.5755	3.66156775
9.5810	3.67833030
9.5865	3.69517023
9.5920	3.71208789
9.5975	3.72908363
9.6030	3.74615783
9.6085	3.76331083
9.6140	3.78054301
9.6195	3.79785473
9.6250	3.81524636
9.6305	3.83271826
9.6360	3.85027081
9.6415	3.86790438
9.6470	3.88561934
9.6525	3.90341607
9.6580	3.92129495
9.6635	3.93925635
9.6690	3.95730066
9.6745	3.97542825
9.6800	3.99363952
9.6855	4.01193485
9.6910	4.03031463
9.6965	4.04877924
9.7020	4.06732908
9.7075	4.08596455
9.7130	4.10468603
9.7185	4.12349393
9.7240	4.14238864
9.7295	4.16137056
9.7350	4.18044010
9.7405	4.19959766
9.7460	4.21884365
9.7515	4.23817847
9.7570	4.25760254
9.7625	4.27711627
9.7680	4.29672007
9.7735	4.31641435
9.7790	4.33619954
9.7845	4.35607606
9.7900	4.37604432
9.7955	4.39610474
9.8010	4.41625777
9.8065	4.43650381
9.8120	4.45684331
9.8175	4.47727669
9.8230	4.49780439
9.8285	4.51842684
9.8340	4.53914447
9.8395	4.55995774
9.8450	4.58086707
9.8505	4.60187292
9.8560	4.62297573
9.8615	4.64417594
9.8670	4.66547401
9.8725	4.68687039
9.8780	4.70836552
9.8835	4.72995988
9.8890	4.75165391
9.8945	4.77344807
9.9000	4.79534283
9.9055	4.81733865
9.9110	4.83943601
9.9165	4.86163535
9.9220	4.88393717
9.9275	4.90634193
9.9330	4.92885010
9.9385	4.95146216
9.9440	4.97417860
9.9495	4.99699989
9.9550	5.01992652
9.9605	5.04295897
9.9660	5.06609774
9.9715	5.08934331
9.9770	5.11269618
9.9825	5.13615684
9.9880	5.15972579
9.9935	5.18340353
9.9990	5.20719056
10.0045	5.23108738
10.0100	5.25509451
10.0155	5.27921245
10.0210	5.30344172
10.0265	5.32778282
10.0320	5.35223627
10.0375	5.37680260
10.0430	5.40148232
10.0485	5.42627595
10.0540	5.45118403
10.0595	5.47620708
10.0650	5.50134563
10.0705	5.52660021
10.0760	5.55197137
10.0815	5.57745963
10.0870	5.60306554
10.0925	5.62878964
10.0980	5.65463248
10.1035	5.68059460
10.1090	5.70667656
10.1145	5.73287891
10.1200	5.75920221
10.1255	5.78564700
10.1310	5.81221386
10.1365	5.83890335
10.1420	5.86571603
10.1475	5.89265247
10.1530	5.91971324
10.1585	5.94689892
10.1640	5.97421009
10.1695	6.00164731
10.1750	6.02921119
10.1805	6.05690229
10.1860	6.08472120
10.1915	6.11266853
10.1970	6.14074485
10.2025	6.16895077
10.2080	6.19728688
10.2135	6.22575378
10.2190	6.25435208
10.2245	6.28308238
10.2300	6.31194530
10.2355	6.34094144
10.2410	6.37007142
10.2465	6.39933586
10.2520	6.42873538
10.2575	6.45827060
10.2630	6.48794215
10.2685	6.51775066
10.2740	6.54769675
10.2795	6.57778108
10.2850	6.60800426
10.2905	6.63836695
10.2960	6.66886978
10.3015	6.69951341
10.3070	6.73029849
10.3125	6.76122566
10.3180	6.79229559
10.3235	6.82350893
10.3290	6.85486634
10.3345	6.88636849
10.3400	6.91801605
10.3455	6.94980969
10.3510	6.98175008
10.3565	7.01383790
10.3620	7.04607383
10.3675	7.07845855
10.3730	7.11099276
10.3785	7.14367714
10.3840	7.17651238
10.3895	7.20949918
10.3950	7.24263825
10.4005	7.27593027
10.4060	7.30937597
10.4115	7.34297604
10.4170	7.37673120
10.4225	7.41064217
10.4280	7.44470967
10.4335	7.47893441
10.4390	7.51331713
10.4445	7.54785855
10.4500	7.58255941
10.4555	7.61742044
10.4610	7.65244239
10.4665	7.68762598
10.4720	7.72297198
10.4775	7.75848112
10.4830	7.79415417
10.4885	7.82999188
10.4940	7.86599500
10.4995	7.90216431
10.5050	7.93850057
10.5105	7.97500455
10.5160	8.01167703
10.5215	8.04851877
10.5270	8.08553058
10.5325	8.12271322
10.5380	8.16006748
10.5435	8.19759417
10.5490	8.23529407
10.5545	8.27316799
10.5600	8.31121672
10.5655	8.34944108
10.5710	8.38784188
10.5765	8.42641992
10.5820	8.46517604
10.5875	8.50411104
10.5930	8.54322576
10.5985	8.58252102
10.6040	8.62199767
10.6095	8.66165653
10.6150	8.70149844
10.6205	8.74152426
10.6260	8.78173483
10.6315	8.82213100
10.6370	8.86271363
10.6425	8.90348359
10.6480	8.94444173
10.6535	8.98558892
10.6590	9.02692604
10.6645	9.06845397
10.6700	9.11017357
10.6755	9.15208575
10.6810	9.19419138
10.6865	9.23649137
10.6920	9.27898660
10.6975	9.32167799
10.7030	9.36456642
10.7085	9.40765282
10.7140	9.45093810
10.7195	9.49442318
10.7250	9.53810897
10.7305	9.58199641
10.7360	9.62608642
10.7415	9.67037994
10.7470	9.71487791
10.7525	9.75958128
10.7580	9.80449099
10.7635	9.84960799
10.7690	9.89493324
10.7745	9.94046770
10.7800	9.98621234
10.7855	10.03216813
10.7910	10.07833604
10.7965	10.12471705
10.8020	10.17131215
10.8075	10.21812232
10.8130	10.26514855
10.8185	10.31239185
10.8240	10.35985322
10.8295	10.40753365
10.8350	10.45543417
10.8405	10.50355579
10.8460	10.55189953
10.8515	10.60046641
10.8570	10.64925746
10.8625	10.69827373
10.8680	10.74751624
10.8735	10.79698605
10.8790	10.84668420
10.8845	10.89661175
10.8900	10.94676975
10.8955	10.99715927
10.9010	11.04778137
10.9065	11.09863714
10.9120	11.14972765
10.9175	11.20105398
10.9230	11.25261722
10.9285	11.30441847
10.9340	11.35645882
10.9395	11.40873938
10.9450	11.46126125
10.9505	11.51402556
10.9560	11.56703341
10.9615	11.62028594
10.9670	11.67378427
10.9725	11.72752953
10.9780	11.78152288
10.9835	11.83576544
10.9890	11.89025838
10.9945	11.94500285
11.0000	12.00000000
